Count: 1977
Mean: 250.7840161861406
Median: 247.0
Mode: 230.0
Standard Deviation: 144.17131868884059
Variance: 20785.369132479238
Time elapsed: 0.027114 seconds
