Count: 12624
Mean: 249.77621989860583
Median: 249.0
Mode: 94.0
Standard Deviation: 145.31784980917962
Variance: 21117.27747316329
Time elapsed: 0.023981 seconds
